%YAML:1.0
---
model_type: PINHOLE
camera_name: camera
image_width: 640
image_height: 480
distortion_parameters:
   k1: 0.0
   k2: 0.0
   p1: 0.0
   p2: 0.0
projection_parameters:
   fx: 389.6813368684653
   fy: 391.3366356624037
   cx: 322.91376100051014
   cy: 238.26075406109786
